19
0.002282 0.002265 0.002216 0.002135 0.002027 0.001896 0.001747 0.001586 0.001419 0.001251
0.001419 0.00161 0.0018 0.001982 0.002151 0.002299 0.002422 0.002514 0.00257 0.00259 0.00257 0.002514 0.002422 0.002299 0.002151 0.001982 0.0018 0.00161 0.001419
0.001586 0.0018 0.002012 0.002216 0.002404 0.00257 0.002708 0.00281 0.002873 0.002895 0.002873 0.00281 0.002708 0.00257 0.002404 0.002216 0.002012 0.0018 0.001586
0.001747 0.001982 0.002216 0.00244 0.002648 0.002831 0.002982 0.003095 0.003165 0.003188 0.003165 0.003095 0.002982 0.002831 0.002648 0.00244 0.002216 0.001982 0.001747
0.001896 0.002151 0.002404 0.002648 0.002873 0.003072 0.003236 0.003358 0.003434 0.00346 0.003434 0.003358 0.003236 0.003072 0.002873 0.002648 0.002404 0.002151 0.001896
0.002027 0.002299 0.00257 0.002831 0.003072 0.003284 0.00346 0.00359 0.003671 0.003699 0.003671 0.00359 0.00346 0.003284 0.003072 0.002831 0.00257 0.002299 0.002027
0.002135 0.002422 0.002708 0.002982 0.003236 0.00346 0.003644 0.003782 0.003867 0.003896 0.003867 0.003782 0.003644 0.00346 0.003236 0.002982 0.002708 0.002422 0.002135
0.002216 0.002514 0.00281 0.003095 0.003358 0.00359 0.003782 0.003925 0.004014 0.004043 0.004014 0.003925 0.003782 0.00359 0.003358 0.003095 0.00281 0.002514 0.002216
0.002265 0.00257 0.002873 0.003165 0.003434 0.003671 0.003867 0.004014 0.004104 0.004135 0.004104 0.004014 0.003867 0.003671 0.003434 0.003165 0.002873 0.00257 0.002265
0.002282 0.00259 0.002895 0.003188 0.00346 0.003699 0.003896 0.004043 0.004135 0.004165 0.004135 0.004043 0.003896 0.003699 0.00346 0.003188 0.002895 0.00259 0.002282
0.002265 0.00257 0.002873 0.003165 0.003434 0.003671 0.003867 0.004014 0.004104 0.004135 0.004104 0.004014 0.003867 0.003671 0.003434 0.003165 0.002873 0.00257 0.002265
0.002216 0.002514 0.00281 0.003095 0.003358 0.00359 0.003782 0.003925 0.004014 0.004043 0.004014 0.003925 0.003782 0.00359 0.003358 0.003095 0.00281 0.002514 0.002216
0.002135 0.002422 0.002708 0.002982 0.003236 0.00346 0.003644 0.003782 0.003867 0.003896 0.003867 0.003782 0.003644 0.00346 0.003236 0.002982 0.002708 0.002422 0.002135
0.002027 0.002299 0.00257 0.002831 0.003072 0.003284 0.00346 0.00359 0.003671 0.003699 0.003671 0.00359 0.00346 0.003284 0.003072 0.002831 0.00257 0.002299 0.002027
0.001896 0.002151 0.002404 0.002648 0.002873 0.003072 0.003236 0.003358 0.003434 0.00346 0.003434 0.003358 0.003236 0.003072 0.002873 0.002648 0.002404 0.002151 0.001896
0.001747 0.001982 0.002216 0.00244 0.002648 0.002831 0.002982 0.003095 0.003165 0.003188 0.003165 0.003095 0.002982 0.002831 0.002648 0.00244 0.002216 0.001982 0.001747